
# -----------------------------------------------------
# RAW DATA --------------------------------------------
# -----------------------------------------------------

[AerLingus, 55, 40, 24,	10],
[AirFrance, 55, 35, 25, 12],
[British, 56, 45, 25, 23],
[Delta, 56, 35, 23, NA],
[easyJet, 56, 45, 25, NA],
[Emirates, 55, 38, 20, 7],
[Etihad, 40, 50, 25, 7],
[Flybe, 55, 35, 23, 10],
[Jet2, 56, 45, 25, 10],
[KLM, 55, 25, 35, 12],
[Lufthansa, 55, 40, 23, 8],
[Monarch, 56, 40, 25, 10],
[Norwegian, 55, 40, 23, 10],
[Qatar, 50, 37, 25, 7],
[Ryanair, 55, 40, 20, 10],
[ThomasCook, 55, 40, 20, 6],
[Thomson, 55, 40, 20, 5],
[Turkish, 55, 40, 23, 8],
[Virgin, 56, 36, 23, 10],
[Vueling, 55, 40, 20, 10]




# -----------------------------------------------------
# DATA READY TO BE USED IN PYTHON ---------------------
# -----------------------------------------------------

sampleData = [
    ["AerLingus", 55, 40, 24, 10],
    ["AirFrance", 55, 35, 25, 12],
    ["British", 56, 45, 25, 23],
    ["Delta", 56, 35, 23, "NA"],
    ["easyJet", 56, 45, 25, "NA"],
    ["Emirates", 55, 38, 20, 7],
    ["Etihad", 40, 50, 25, 7],
    ["Flybe", 55, 35, 23, 10],
    ["Jet2", 56, 45, 25, 10],
    ["KLM", 55, 25, 35, 12],
    ["Lufthansa", 55, 40, 23, 8],
    ["Monarch", 56, 40, 25, 10],
    ["Norwegian", 55, 40, 23, 10],
    ["Qatar", 50, 37, 25, 7],
    ["Ryanair", 55, 40, 20, 10],
    ["ThomasCook", 55, 40, 20, 6],
    ["Thomson", 55, 40, 20, 5],
    ["Turkish", 55, 40, 23, 8],
    ["Virgin", 56, 36, 23, 10],
    ["Vueling", 55, 40, 20, 10]
]
